64
2,0
3,0
5,0
6,0
11,0
12,0
16,0
17,0
18,0
19,0
21,0
23,0
24,0
25,0
26,0
28,0
31,0
33,0
38,0
39,0
42,0
45,0
50,0
52,0
54,0
56,0
58,0
59,0
61,0
62,0
3,1
7,1
8,1
9,1
11,1
12,1
14,1
15,1
16,1
17,1
18,1
21,1
22,1
23,1
25,1
29,1
32,1
36,1
38,1
40,1
41,1
44,1
45,1
47,1
48,1
49,1
50,1
51,1
53,1
56,1
57,1
58,1
59,1
62,1
0,2
4,2
6,2
8,2
9,2
11,2
13,2
14,2
15,2
16,2
17,2
18,2
19,2
21,2
25,2
26,2
27,2
28,2
29,2
30,2
32,2
37,2
38,2
41,2
43,2
44,2
45,2
46,2
48,2
49,2
55,2
57,2
58,2
59,2
63,2
0,3
1,3
2,3
3,3
5,3
7,3
9,3
10,3
11,3
13,3
17,3
18,3
22,3
23,3
25,3
26,3
28,3
30,3
32,3
33,3
34,3
35,3
36,3
37,3
38,3
39,3
42,3
43,3
47,3
48,3
49,3
51,3
53,3
55,3
59,3
61,3
3,4
4,4
5,4
6,4
7,4
10,4
14,4
15,4
17,4
21,4
27,4
30,4
31,4
33,4
35,4
38,4
39,4
40,4
41,4
42,4
43,4
45,4
47,4
48,4
49,4
51,4
52,4
56,4
58,4
62,4
63,4
0,5
2,5
3,5
5,5
6,5
8,5
10,5
13,5
14,5
15,5
16,5
18,5
19,5
21,5
22,5
23,5
24,5
28,5
29,5
31,5
34,5
37,5
39,5
43,5
45,5
46,5
47,5
49,5
52,5
55,5
56,5
58,5
62,5
63,5
1,6
2,6
4,6
5,6
6,6
7,6
8,6
9,6
11,6
18,6
19,6
20,6
21,6
22,6
25,6
26,6
28,6
30,6
34,6
37,6
40,6
41,6
42,6
44,6
47,6
49,6
50,6
53,6
54,6
55,6
63,6
1,7
3,7
6,7
7,7
8,7
9,7
11,7
14,7
15,7
17,7
19,7
20,7
21,7
24,7
25,7
29,7
30,7
31,7
32,7
34,7
35,7
37,7
40,7
41,7
42,7
43,7
46,7
47,7
53,7
54,7
55,7
56,7
57,7
59,7
61,7
62,7
63,7
4,8
5,8
6,8
8,8
11,8
17,8
20,8
22,8
24,8
26,8
29,8
31,8
32,8
34,8
36,8
38,8
39,8
41,8
42,8
46,8
47,8
48,8
53,8
55,8
57,8
58,8
60,8
61,8
3,9
5,9
6,9
7,9
9,9
11,9
12,9
13,9
14,9
16,9
18,9
22,9
24,9
25,9
26,9
28,9
29,9
30,9
31,9
32,9
35,9
36,9
37,9
40,9
41,9
42,9
44,9
47,9
48,9
51,9
55,9
57,9
1,10
3,10
6,10
7,10
11,10
13,10
15,10
18,10
20,10
21,10
25,10
26,10
30,10
32,10
33,10
34,10
35,10
38,10
39,10
40,10
41,10
42,10
45,10
47,10
52,10
54,10
56,10
60,10
62,10
63,10
0,11
3,11
4,11
5,11
6,11
8,11
10,11
11,11
12,11
17,11
19,11
23,11
25,11
30,11
32,11
33,11
34,11
36,11
37,11
38,11
41,11
42,11
43,11
44,11
45,11
48,11
49,11
50,11
53,11
55,11
56,11
57,11
58,11
60,11
61,11
62,11
1,12
2,12
5,12
6,12
10,12
11,12
12,12
18,12
20,12
21,12
22,12
23,12
24,12
27,12
29,12
30,12
32,12
33,12
34,12
35,12
36,12
37,12
40,12
42,12
44,12
45,12
48,12
49,12
54,12
57,12
58,12
59,12
61,12
62,12
1,13
3,13
7,13
15,13
16,13
19,13
21,13
25,13
28,13
34,13
35,13
38,13
41,13
45,13
46,13
47,13
48,13
49,13
50,13
52,13
53,13
54,13
59,13
60,13
62,13
0,14
1,14
2,14
3,14
5,14
6,14
7,14
8,14
9,14
11,14
16,14
17,14
18,14
20,14
21,14
23,14
25,14
26,14
27,14
28,14
29,14
31,14
32,14
33,14
34,14
38,14
42,14
43,14
45,14
47,14
50,14
51,14
52,14
54,14
55,14
56,14
57,14
60,14
62,14
63,14
0,15
2,15
5,15
6,15
7,15
9,15
10,15
11,15
13,15
15,15
16,15
17,15
18,15
20,15
21,15
22,15
26,15
27,15
30,15
31,15
35,15
36,15
38,15
40,15
42,15
45,15
46,15
47,15
49,15
51,15
52,15
56,15
58,15
60,15
61,15
63,15
2,16
4,16
5,16
6,16
7,16
9,16
13,16
14,16
15,16
17,16
20,16
21,16
23,16
25,16
26,16
27,16
28,16
29,16
32,16
37,16
39,16
41,16
44,16
46,16
49,16
51,16
52,16
54,16
56,16
57,16
59,16
60,16
61,16
62,16
0,17
6,17
9,17
10,17
12,17
14,17
17,17
18,17
21,17
24,17
25,17
26,17
32,17
33,17
34,17
37,17
39,17
40,17
41,17
44,17
45,17
47,17
51,17
52,17
54,17
55,17
57,17
58,17
60,17
61,17
0,18
2,18
4,18
5,18
8,18
9,18
10,18
11,18
12,18
14,18
17,18
18,18
21,18
22,18
29,18
30,18
31,18
32,18
33,18
36,18
38,18
41,18
43,18
47,18
48,18
50,18
51,18
53,18
57,18
58,18
59,18
60,18
61,18
62,18
4,19
7,19
8,19
13,19
16,19
22,19
23,19
25,19
27,19
28,19
29,19
34,19
35,19
36,19
38,19
42,19
45,19
47,19
48,19
49,19
51,19
57,19
58,19
59,19
60,19
0,20
3,20
4,20
10,20
11,20
14,20
15,20
17,20
19,20
20,20
22,20
26,20
28,20
29,20
32,20
33,20
35,20
37,20
38,20
40,20
41,20
42,20
45,20
46,20
47,20
48,20
51,20
53,20
54,20
59,20
60,20
61,20
63,20
0,21
2,21
4,21
7,21
8,21
9,21
10,21
11,21
15,21
17,21
18,21
19,21
20,21
21,21
22,21
24,21
26,21
27,21
29,21
33,21
35,21
37,21
38,21
39,21
44,21
48,21
49,21
50,21
51,21
52,21
53,21
55,21
57,21
58,21
59,21
61,21
62,21
0,22
4,22
7,22
12,22
15,22
16,22
20,22
22,22
23,22
24,22
25,22
27,22
28,22
29,22
30,22
32,22
33,22
35,22
36,22
38,22
39,22
43,22
45,22
46,22
49,22
50,22
53,22
55,22
56,22
58,22
59,22
60,22
62,22
1,23
2,23
3,23
7,23
8,23
11,23
17,23
20,23
22,23
23,23
24,23
25,23
27,23
28,23
30,23
33,23
35,23
37,23
44,23
47,23
48,23
49,23
50,23
52,23
54,23
57,23
60,23
61,23
0,24
3,24
4,24
6,24
8,24
12,24
15,24
23,24
25,24
28,24
29,24
34,24
39,24
40,24
41,24
42,24
43,24
44,24
46,24
47,24
49,24
50,24
52,24
53,24
56,24
58,24
59,24
60,24
61,24
63,24
1,25
2,25
4,25
7,25
8,25
9,25
15,25
18,25
19,25
20,25
25,25
26,25
27,25
32,25
34,25
35,25
38,25
39,25
42,25
43,25
47,25
49,25
50,25
52,25
53,25
56,25
58,25
60,25
62,25
0,26
2,26
3,26
5,26
9,26
12,26
15,26
18,26
19,26
20,26
23,26
24,26
27,26
32,26
35,26
37,26
41,26
42,26
43,26
44,26
45,26
46,26
47,26
48,26
49,26
50,26
56,26
59,26
60,26
61,26
63,26
1,27
2,27
4,27
6,27
7,27
13,27
14,27
15,27
19,27
22,27
25,27
27,27
30,27
33,27
38,27
40,27
41,27
42,27
43,27
44,27
46,27
48,27
49,27
52,27
53,27
54,27
55,27
56,27
58,27
59,27
61,27
62,27
1,28
3,28
4,28
7,28
8,28
10,28
12,28
13,28
14,28
16,28
18,28
22,28
25,28
29,28
34,28
37,28
38,28
39,28
42,28
44,28
45,28
46,28
48,28
51,28
55,28
56,28
58,28
59,28
60,28
63,28
0,29
2,29
4,29
5,29
6,29
7,29
9,29
11,29
16,29
17,29
21,29
24,29
25,29
26,29
30,29
31,29
33,29
35,29
39,29
40,29
42,29
43,29
44,29
47,29
49,29
51,29
53,29
55,29
56,29
57,29
60,29
62,29
0,30
3,30
5,30
7,30
8,30
10,30
12,30
13,30
14,30
15,30
16,30
17,30
18,30
26,30
27,30
29,30
31,30
32,30
35,30
36,30
38,30
41,30
42,30
44,30
46,30
49,30
52,30
55,30
59,30
61,30
4,31
9,31
11,31
12,31
13,31
14,31
18,31
19,31
22,31
23,31
26,31
28,31
30,31
32,31
33,31
36,31
37,31
38,31
40,31
42,31
43,31
46,31
48,31
49,31
50,31
51,31
52,31
56,31
58,31
60,31
62,31
0,32
1,32
2,32
3,32
4,32
5,32
6,32
7,32
8,32
9,32
13,32
15,32
16,32
17,32
18,32
24,32
27,32
29,32
30,32
32,32
34,32
35,32
36,32
37,32
38,32
47,32
52,32
54,32
55,32
57,32
58,32
59,32
0,33
2,33
5,33
6,33
7,33
8,33
12,33
13,33
14,33
15,33
16,33
19,33
21,33
22,33
23,33
24,33
25,33
26,33
28,33
29,33
30,33
34,33
35,33
37,33
40,33
42,33
50,33
51,33
52,33
53,33
55,33
57,33
61,33
63,33
1,34
3,34
4,34
5,34
7,34
8,34
14,34
18,34
19,34
31,34
34,34
37,34
38,34
42,34
46,34
47,34
49,34
51,34
52,34
54,34
55,34
56,34
59,34
60,34
62,34
0,35
5,35
7,35
13,35
14,35
15,35
16,35
18,35
19,35
21,35
24,35
25,35
28,35
30,35
33,35
34,35
35,35
36,35
38,35
39,35
40,35
44,35
46,35
51,35
54,35
57,35
58,35
63,35
1,36
2,36
6,36
9,36
12,36
17,36
20,36
28,36
29,36
30,36
31,36
36,36
37,36
41,36
42,36
45,36
52,36
53,36
54,36
55,36
56,36
57,36
59,36
63,36
2,37
3,37
4,37
5,37
6,37
7,37
11,37
15,37
16,37
17,37
20,37
22,37
24,37
27,37
28,37
30,37
31,37
32,37
40,37
46,37
47,37
48,37
49,37
54,37
55,37
58,37
61,37
62,37
0,38
3,38
4,38
6,38
9,38
12,38
13,38
14,38
15,38
17,38
20,38
22,38
23,38
24,38
25,38
27,38
32,38
33,38
34,38
37,38
42,38
43,38
44,38
45,38
47,38
48,38
56,38
58,38
59,38
61,38
1,39
2,39
4,39
6,39
8,39
12,39
15,39
18,39
23,39
24,39
25,39
26,39
27,39
29,39
30,39
31,39
33,39
34,39
35,39
38,39
39,39
40,39
49,39
50,39
55,39
56,39
58,39
59,39
61,39
63,39
0,40
2,40
6,40
7,40
8,40
10,40
13,40
15,40
20,40
27,40
28,40
30,40
31,40
32,40
33,40
34,40
35,40
36,40
37,40
38,40
39,40
40,40
41,40
42,40
43,40
44,40
46,40
47,40
48,40
49,40
50,40
52,40
53,40
54,40
55,40
56,40
57,40
60,40
0,41
1,41
4,41
7,41
8,41
10,41
20,41
22,41
24,41
26,41
29,41
30,41
31,41
36,41
39,41
42,41
43,41
47,41
48,41
49,41
51,41
53,41
54,41
55,41
57,41
60,41
61,41
62,41
63,41
0,42
1,42
2,42
4,42
6,42
7,42
9,42
10,42
12,42
14,42
15,42
17,42
18,42
19,42
20,42
24,42
26,42
30,42
31,42
32,42
36,42
39,42
40,42
41,42
42,42
46,42
48,42
51,42
52,42
54,42
55,42
56,42
57,42
59,42
61,42
62,42
0,43
2,43
3,43
5,43
6,43
8,43
12,43
14,43
16,43
17,43
20,43
22,43
23,43
24,43
25,43
28,43
29,43
33,43
37,43
39,43
40,43
41,43
42,43
43,43
45,43
47,43
56,43
58,43
62,43
63,43
0,44
1,44
2,44
5,44
7,44
9,44
11,44
12,44
13,44
14,44
15,44
18,44
19,44
20,44
21,44
23,44
24,44
25,44
26,44
28,44
30,44
31,44
32,44
34,44
35,44
39,44
40,44
41,44
42,44
43,44
44,44
46,44
48,44
49,44
51,44
53,44
55,44
56,44
57,44
58,44
59,44
60,44
61,44
0,45
4,45
5,45
6,45
7,45
9,45
10,45
14,45
16,45
18,45
22,45
23,45
24,45
25,45
28,45
29,45
34,45
36,45
38,45
39,45
42,45
44,45
46,45
47,45
48,45
50,45
51,45
55,45
56,45
57,45
58,45
60,45
62,45
63,45
0,46
3,46
4,46
5,46
13,46
14,46
15,46
16,46
19,46
20,46
23,46
24,46
25,46
26,46
28,46
29,46
30,46
31,46
33,46
35,46
36,46
37,46
39,46
43,46
44,46
46,46
47,46
48,46
50,46
51,46
53,46
54,46
56,46
60,46
61,46
62,46
63,46
1,47
3,47
6,47
7,47
8,47
10,47
11,47
12,47
14,47
17,47
18,47
25,47
27,47
28,47
29,47
30,47
32,47
33,47
34,47
35,47
37,47
38,47
41,47
42,47
45,47
51,47
52,47
53,47
58,47
60,47
62,47
63,47
1,48
4,48
9,48
10,48
13,48
14,48
15,48
16,48
17,48
18,48
22,48
23,48
24,48
26,48
27,48
29,48
32,48
36,48
38,48
45,48
46,48
47,48
51,48
52,48
54,48
59,48
60,48
63,48
3,49
6,49
8,49
9,49
11,49
12,49
13,49
18,49
19,49
20,49
23,49
24,49
29,49
30,49
32,49
35,49
36,49
37,49
40,49
41,49
43,49
45,49
47,49
48,49
49,49
50,49
51,49
53,49
56,49
57,49
59,49
60,49
61,49
63,49
0,50
2,50
6,50
9,50
10,50
11,50
18,50
19,50
20,50
21,50
22,50
28,50
29,50
30,50
32,50
34,50
36,50
37,50
43,50
44,50
46,50
47,50
49,50
50,50
52,50
54,50
55,50
56,50
58,50
60,50
61,50
63,50
2,51
4,51
5,51
6,51
7,51
10,51
12,51
13,51
15,51
16,51
18,51
21,51
24,51
26,51
27,51
28,51
33,51
37,51
38,51
39,51
40,51
43,51
44,51
47,51
52,51
53,51
54,51
55,51
57,51
59,51
63,51
0,52
5,52
8,52
15,52
16,52
18,52
19,52
20,52
22,52
29,52
35,52
38,52
46,52
47,52
52,52
53,52
54,52
55,52
56,52
59,52
63,52
1,53
5,53
7,53
9,53
10,53
11,53
12,53
14,53
15,53
16,53
18,53
19,53
21,53
22,53
23,53
25,53
28,53
30,53
33,53
34,53
36,53
42,53
43,53
45,53
48,53
49,53
53,53
54,53
56,53
59,53
63,53
1,54
3,54
10,54
13,54
14,54
15,54
16,54
18,54
21,54
23,54
24,54
27,54
28,54
29,54
31,54
36,54
38,54
39,54
41,54
43,54
48,54
49,54
53,54
57,54
58,54
59,54
60,54
61,54
62,54
63,54
0,55
2,55
3,55
4,55
6,55
7,55
8,55
11,55
12,55
13,55
17,55
22,55
23,55
26,55
28,55
31,55
32,55
33,55
35,55
36,55
37,55
39,55
40,55
41,55
42,55
43,55
44,55
46,55
48,55
49,55
50,55
51,55
52,55
53,55
56,55
57,55
58,55
59,55
61,55
62,55
63,55
0,56
1,56
3,56
4,56
5,56
6,56
7,56
10,56
13,56
14,56
20,56
22,56
23,56
25,56
27,56
28,56
31,56
33,56
35,56
38,56
40,56
42,56
44,56
45,56
46,56
49,56
50,56
54,56
55,56
56,56
57,56
61,56
62,56
0,57
2,57
5,57
6,57
8,57
10,57
11,57
13,57
14,57
16,57
18,57
19,57
21,57
22,57
23,57
24,57
25,57
28,57
33,57
34,57
35,57
36,57
39,57
40,57
41,57
42,57
46,57
53,57
54,57
56,57
63,57
2,58
5,58
6,58
10,58
17,58
21,58
23,58
24,58
27,58
28,58
29,58
30,58
33,58
34,58
35,58
37,58
38,58
39,58
41,58
44,58
45,58
46,58
47,58
48,58
49,58
52,58
57,58
58,58
61,58
63,58
2,59
3,59
5,59
6,59
8,59
9,59
12,59
15,59
16,59
18,59
20,59
21,59
24,59
26,59
31,59
33,59
35,59
36,59
37,59
38,59
39,59
40,59
41,59
46,59
49,59
50,59
51,59
52,59
55,59
56,59
57,59
59,59
60,59
63,59
0,60
3,60
7,60
11,60
15,60
18,60
19,60
21,60
22,60
23,60
24,60
25,60
27,60
29,60
32,60
33,60
36,60
37,60
38,60
39,60
40,60
41,60
42,60
43,60
44,60
45,60
46,60
47,60
50,60
51,60
52,60
56,60
57,60
58,60
60,60
62,60
63,60
2,61
3,61
5,61
7,61
11,61
12,61
14,61
15,61
16,61
18,61
20,61
22,61
23,61
24,61
28,61
30,61
31,61
33,61
37,61
40,61
43,61
49,61
51,61
54,61
55,61
61,61
3,62
4,62
9,62
10,62
12,62
19,62
20,62
22,62
23,62
24,62
25,62
28,62
29,62
30,62
31,62
33,62
36,62
38,62
41,62
42,62
45,62
46,62
47,62
49,62
55,62
57,62
60,62
0,63
3,63
4,63
5,63
7,63
9,63
11,63
12,63
14,63
17,63
19,63
21,63
23,63
24,63
27,63
28,63
33,63
35,63
37,63
38,63
40,63
41,63
42,63
43,63
44,63
45,63
46,63
47,63
48,63
49,63
50,63
51,63
52,63
53,63
56,63
57,63
59,63
61,63
62,63
63,63
